					KK Ahmed
									2018-2019
									11
									3
									1
									9
									5
									4.50
									17
									52.94
									0
									0
									0
									1
									0
				 
 
					JJ Bumrah
									2016-2019
									58
									13
									8
									19
									10*
									3.80
									43
									44.18
									0
									0
									4
									2
									1
				 
 
					YS Chahal
									2016-2019
									50
									8
									3
									39
									18*
									7.80
									72
									54.16
									0
									0
									1
									6
									0
				 
 
					DL Chahar
									2018-2018
									1
									1
									0
									12
									12
									12.00
									14
									85.71
									0
									0
									0
									1
									0
				 
 
					S Dhawan
									2010-2019
									133
									131
									7
									5518
									143
									44.50
									5869
									94.01
									17
									27
									5
									688
									67
				 
 
					MS Dhoni
									2004-2019
									347
									294
									83
									10599
									183*
									50.23
									12164
									87.13
									9
									73
									10
									809
									222
				 
 
					SS Iyer
									2017-2019
									9
									7
									0
									346
									88
									49.42
									327
									105.81
									0
									4
									0
									30
									9
				 
 
					RA Jadeja
									2009-2019
									156
									103
									34
									2128
									87
									30.84
									2491
									85.42
									0
									11
									6
									160
									41
				 
 
					KM Jadhav
									2014-2019
									68
									47
									17
									1289
									120
									42.96
									1270
									101.49
									2
									6
									2
									130
									22
				 
 
					KD Karthik
									2004-2019
									94
									79
									21
									1752
									79
									30.20
									2392
									73.24
									0
									9
									6
									176
									15
				 
 
					S Kaul
									2018-2018
									3
									2
									0
									1
									1
									0.50
									3
									33.33
									0
									0
									1
									0
									0
				 
 
					V Kohli
									2008-2019
									239
									230
									39
									11520
									183
									60.31
									12359
									93.21
									43
									54
									12
									1085
									119
				 
 
					Kuldeep Yadav
									2017-2019
									53
									20
									12
									101
									19
									12.62
									173
									58.38
									0
									0
									1
									8
									0
				 
 
					B Kumar
									2012-2019
									114
									52
									15
									526
									53*
									14.21
									703
									74.82
									0
									1
									8
									44
									8
				 
 
					Mohammed Shami
									2013-2019
									70
									33
									15
									136
									25
									7.55
									163
									83.43
									0
									0
									5
									10
									6
				 
 
					Mohammed Siraj
									2019-2019
									1
									-
									-
									-
									-
									-
									-
									-
									-
									-
									-
									-
									-
				 
 
					MK Pandey
									2015-2018
									23
									18
									6
									440
									104*
									36.66
									479
									91.85
									1
									2
									2
									37
									4
				 
 
					HH Pandya
									2016-2019
									54
									38
									6
									957
									83
									29.90
									828
									115.57
									0
									4
									3
									69
									40
				 
 
					RR Pant
									2018-2019
									12
									10
									0
									229
									48
									22.90
									237
									96.62
									0
									0
									1
									27
									4
				 
 
					AR Patel
									2014-2017
									38
									20
									6
									181
									38
									12.92
									190
									95.26
									0
									0
									3
									8
									8
				 
 
					AM Rahane
									2011-2018
									90
									87
									3
									2962
									111
									35.26
									3767
									78.63
									3
									24
									6
									293
									33
				 
 
					KL Rahul
									2016-2019
									23
									22
									4
									704
									111
									39.11
									890
									79.10
									2
									4
									2
									57
									10
				 
 
					SK Raina
									2005-2018
									226
									194
									35
									5615
									116*
									35.31
									6005
									93.50
									5
									36
									14
									476
									120
				 
 
					AT Rayudu
									2013-2019
									55
									50
									14
									1694
									124*
									47.05
									2143
									79.04
									3
									10
									3
									145
									30
				 
 
					V Shankar
									2019-2019
									12
									8
									1
									223
									46
									31.85
									246
									90.65
									0
									0
									0
									20
									4
				 
 
					RG Sharma
									2007-2019
									218
									211
									32
									8686
									264
									48.52
									9806
									88.57
									27
									42
									13
									770
									232
				 
 
					Shubman Gill
									2019-2019
									2
									2
									0
									16
									9
									8.00
									32
									50.00
									0
									0
									0
									2
									0
				 
 
					SN Thakur
									2017-2018
									5
									2
									1
									22
									22*
									22.00
									16
									137.50
									0
									0
									1
									0
									2
				 
 
					Washington Sundar
									2017-2017
									1
									-
									-
									-
									-
									-
									-
									-
									-
									-
									-
									-
									-
				 
 
					UT Yadav
									2010-2018
									75
									24
									14
									79
									18*
									7.90
									134
									58.95
									0
									0
									4
									8
									1
